[Camera]
Position.x=700.170898
Position.y=250.671448
[Player]
Position.x=1250.239258
Position.y=293.033356
Rotation.x=0.000000
Rotation.y=0.000000
Rotation.z=0.000000
IsJumping=1
JumpPower=450.000000
ElapsedGravity=578.216736
