[Camera]
Position.x=700.001709
Position.y=400.000610
[Player]
Position.x=1250.023926
Position.y=298.466095
Rotation.x=0.000000
Rotation.y=0.000000
Rotation.z=0.000000
IsJumping=1
JumpPower=450.000000
ElapsedGravity=548.804016
